5.427
5.49
5.49
5.499
5.499
5.599
5.859
5.974
5.974
5.979
5.979
5.979
5.995
5.999
6.099
5.09
5.299
5.299
5.399
5.499
5.699
5.699
5.35
5.35
5.35
5.39
5.49
5.49
5.67
5.159
5.219
5.249
5.288
5.299
5.299
5.299
5.349
5.099
5.169
5.189
5.249
5.499
5.766
5.049
5.099
5.159
5.199
5.259
5.359
5.399
5.399
5.399
5.399
5.399
5.399
5.399
5.419
5.449
5.499
5.549
5.398
5.448
5.489
5.499
5.499
5.549
5.549
5.559
5.559
5.559
5.699
5.719
5.499
4.999
5.42
5.439
5.449
5.478
5.499
5.559
6.559
5.31
5.34
5.368
5.399
5.49
5.51
5.658
5.39
5.515
5.559
5.57
5.599
5.629
5.629
5.659
5.32
5.449
5.45
5.48
5.498
5.499
5.499
5.499
5.499
5.499
5.499
5.499
5.6
5.745
5.329
5.349
5.379
5.199
5.299
5.39
5.399
5.449
5.29
5.309
5.395
5.41
5.42
5.599
5.399
5.399
5.399
5.492
5.61
5.62
5.66
5.699
