5.098
5.099
5.099
5.149
5.149
5.149
5.159
5.198
5.199
5.199
5.299
5.349
5.349
5.399
5.499
5.699
5.199
5.248
5.249
5.299
5.389
5.449
5.479
5.499
5.629
5.099
5.197
5.197
5.199
5.309
5.358
5.26
5.265
5.269
5.269
5.298
5.349
5.367
5.397
5.449
4.999
5.199
5.299
5.425
5.448
5.665
5.199
5.199
5.359
5.389
5.399
5.399
5.249
5.299
5.3
5.549
5.149
5.149
5.149
5.149
5.149
5.198
5.199
5.199
5.199
5.199
5.299
4.549
4.999
5.099
5.14
5.149
5.198
5.249
5.29
5.299
5.299
5.299
5.299
5.299
5.299
5.299
5.299
5.299
5.389
5.399
5.399
5.399
5.399
5.499
5.599
5.799
5.999
5.099
5.199
5.299
5.349
5.349
5.349
5.359
5.649
5.699
4.999
5.129
5.249
5.259
5.284
5.289
5.289
5.299
5.349
5.349
5.469
5.539
5.549
5.559
5.599
5.599
5.599
5.649
4.999
5.099
5.199
5.379
5.399
5.399
5.239
5.359
5.39
5.399
5.499
5.499
5.199
5.199
5.199
5.199
5.199
5.199
5.239
5.248
5.298
5.299
5.299
5.299
5.299
5.299
5.299
5.299
5.399
5.249
5.249
5.299
5.299
5.349
5.349
5.389
5.399
5.399
4.999
5.129
5.199
5.209
5.239
5.25
5.329
5.348
5.529
4.979
4.999
5.299
5.398
5.249
5.359
5.189
5.239
5.259
5.289
5.299
5.299
5.449
5.499
5.049
5.099
5.149
5.159
5.198
5.199
5.259
5.279
4.949
4.959
5.099
5.099
5.139
5.159
5.189
5.199
5.299
5.339
5.399
5.399
5.399
5.499
5.499
5.199
5.299
5.299
5.299
5.3
5.329
5.349
5.389
5.398
5.499
5.599
5.599
5.599
5.599
5.599
5.269
5.399
5.399
5.499
5.499
5.599
4.999
5.099
5.169
5.169
5.169
5.199
5.199
5.199
5.199
5.399
5.149
5.25
5.269
5.27
5.279
5.279
5.279
5.799
5.089
5.099
5.099
5.099
5.099
5.159
5.159
5.159
5.189
5.199
5.199
5.199
5.449
4.999
5.069
5.149
5.183
5.197
5.198
5.198
5.199
5.199
5.199
5.199
5.199
5.199
5.199
5.199
5.249
5.249
5.299
5.349
5.469
5.499
5.59
5.699
5.699
5.089
5.098
5.159
5.159
5.195
5.199
5.199
5.299
5.299
5.299
5.499
5.129
5.129
5.169
5.199
5.269
5.329
5.349
5.099
5.299
5.299
5.299
5.299
5.349
5.349
5.198
5.199
5.249
5.299
5.347
