5.098
5.099
5.199
5.199
5.299
5.349
5.399
5.699
5.299
5.099
5.26
5.367
5.448
5.149
5.149
5.149
5.198
5.249
5.299
5.299
5.399
5.399
5.399
5.399
5.799
5.999
5.349
5.649
5.289
5.299
5.469
5.549
5.559
5.599
5.599
5.649
4.999
5.359
5.199
5.199
5.239
5.248
5.299
5.299
5.399
5.399
4.999
5.348
5.398
5.499
5.974
5.974
5.979
5.979
5.979
6.099
5.189
5.259
5.09
5.299
5.049
5.279
4.949
5.099
5.199
5.299
5.299
5.329
5.349
5.389
5.398
5.39
5.49
5.49
5.399
5.169
5.199
5.199
5.399
5.149
5.25
5.27
5.279
5.279
5.279
5.288
5.299
5.099
5.159
5.159
5.189
5.199
5.049
5.099
5.399
5.399
5.549
5.489
5.699
5.719
4.999
5.198
5.199
5.199
5.199
5.249
5.469
5.499
4.999
5.559
6.559
5.34
5.368
5.658
5.599
5.629
5.48
5.499
5.089
5.299
5.379
5.129
5.099
5.349
5.349
5.299
5.29
5.395
5.492
5.199
